DJI_0319_R   75.96   [ 0.85,  3.25,  2.08,  3.08,  2.23,  3.08,  3.97,  1.8 ,  3.43,  2.78,  1.19,  2.97,  2.39,  3.16,  4.01,  4   ,  3.57,  2.93,  1.03,  1.46,  4.36,  3.44,  3.53,  3.87,  2.93,  0.81,  1.98,  1.79]

DJI_0321_R    0      [ 0   ,  0   ,  0   ,  0   ,  0   ,  0   ,  0   ,  0   ,  0   ,  0   ,  0   ,  0   ,  0   ,  0   ,  0   ,  0   ,  0   ,  0   ,  0   ,  0   ,  0   ,  0   ,  0   ]

DJI_0323_R    0      []

DJI_0325_R    0      []

DJI_0327_R    0      []

DJI_0329_R    5.11   [ 2.78,  2.34]

DJI_0331_R   14.1    [ 2.78,  2.92,  2.78,  3   ,  2.63,  0   ,  0   ,  0   ,  0   ,  0   ,  0   ,  0   ,  0   ]

DJI_0333_R    0      [ 0   ,  0   ,  0   ,  0   ,  0   ,  0   ,  0   ]

DJI_0335_R   75.12   [ 2.78,  2.78,  4.09,  2.78,  1.61,  2.78,  2.78,  3.36,  2.78,  3.51,  2.78,  2.92,  2.78,  2.92,  2.78,  2.78,  2.78,  4.38,  2.78,  1.17,  2.78,  2.78,  2.78,  3.07,  4.24,  2.19]

DJI_0337_R   53.05   [ 1.46,  2.78,  2.78,  2.78,  2.78,  2.78,  4.38,  2.78,  2.78,  2.78,  2.78,  2.78,  2.78,  2.19,  2.34,  2.78,  2.78,  2.78,  1.46,  2.34,  0   ,  0   ,  0   ,  0   ,  0   ,  0   ,  0   ,  0   ,  0   ,  0   ,  0   ,  0   ,  0   ,  0   ,  0   ,  0   ,  0   ,  0   ,  0   ,  0   ,  0   ,  0   ,  0   ,  0   ,  0   ,  0   ,  0   ]

DJI_0339_R   41.59   [ 1.9 ,  2.78,  2.78,  2.78,  2.78,  2.78,  3.66,  2.78,  2.34,  2.64,  2.78,  2.78,  2.78,  2.78,  1.03,  2.2 ,  0   ,  0   ,  0   ,  0   ,  0   ,  0   ,  0   ,  0   ,  0   ,  0   ,  0   ,  0   ,  0   ,  0   ,  0   ,  0   ,  0   ,  0   ,  0   ,  0   ,  0   ,  0   ,  0   ,  0   ,  0   ]

DJI_0341_R   43.07   [ 3.81,  2.14,  1.9 ,  1.32,  0.59,  2.24,  2.2 ,  2.86,  2.86,  2.58,  3.86,  3.51,  2.2 ,  3.22,  2.93,  2.93,  1.5 ,  0.44,  0   ,  0   ,  0   ,  0   ,  0   ,  0   ,  0   ,  0   ,  0   ,  0   ,  0   ,  0   ,  0   ,  0   ,  0   ,  0   ,  0   ,  0   ,  0   ,  0   ,  0   ,  0   ,  0   ,  0   ,  0   ]

DJI_0343_R    8.54   [ 3.02,  1.89,  1.48,  1.05,  1.1 ,  0   ,  0   ,  0   ,  0   ,  0   ,  0   ,  0   ,  0   ,  0   ,  0   ,  0   ,  0   ,  0   ,  0   ,  0   ,  0   ,  0   ,  0   ]


totalPipeSquare: 316.53294784833764.
