DJI_0319_R   [165   , 165   , 165   , 165   , 165   , 165   , 165   , 165   , 165   , 165   , 165   , 165   , 165   , 165   , 165   , 165   ,  75   , 165   ,  30   , 165   , 165   , 165   , 165   , 165   , 165   ,  30   , 165   ,  30   ]

DJI_0321_R   [165   , 165   , 165   , 165   , 165   , 165   , 165   , 165   , 165   ,  75   , 165   , 165   , 165   , 165   ,  75   ,  30   ,  30   , 165   , 165   , 165   , 165   , 165   , 165   ]

DJI_0323_R   []

DJI_0325_R   []

DJI_0327_R   []

DJI_0329_R   [ 90   ,  90   ]

DJI_0331_R   [ 90   ,  90   ,  90   ,  90   ,  90   ,  90   ,  90   ,  90   ,  90   ,  90   ,  90   ,  90   ,  90   ]

DJI_0333_R   [ 90   ,  90   ,  90   ,  90   ,  90   ,  90   ,  90   ]

DJI_0335_R   [ 90   ,  90   ,  90   ,  90   ,  90   ,  90   ,  90   ,  90   ,  90   ,  90   ,  90   ,  90   ,  90   ,  90   ,  90   ,  90   ,  90   ,  90   ,  90   ,  90   ,  90   ,  90   ,  90   ,  90   ,  90   ,  90   ]

DJI_0337_R   [ 90   ,  90   ,  90   ,  90   ,  90   ,  90   ,  90   ,  90   ,  90   ,  90   ,  90   ,  90   ,  90   ,  90   ,  90   ,  90   ,  90   ,  90   ,  90   ,  90   ,  90   ,  90   ,  90   ,  90   ,  90   ,  90   ,  90   ,  90   ,  90   ,  90   ,  90   ,  90   ,  90   ,  90   ,  90   ,  90   ,  90   ,  90   ,  90   ,  90   ,  90   ,  90   ,  90   ,  90   ,  90   ,  90   ,  90   ]

DJI_0339_R   [ 90   ,  90   ,  90   ,  90   ,  90   ,  90   ,  90   ,  90   ,  90   ,  90   ,  90   ,  90   ,  90   ,  90   ,  90   ,  90   ,  90   ,  90   ,  90   ,  90   ,  90   ,  90   ,  90   ,  90   ,  90   ,  90   ,  90   ,  90   ,  90   ,  90   ,  90   ,  90   ,  90   ,  90   ,  90   ,  90   ,  90   ,  90   ,  90   ,  90   ,  90   ]

DJI_0341_R   [ 90   ,  80   ,   0   ,   0   ,   0   ,  70   ,  30   ,  15   ,  15   ,  30   ,  30   ,  30   ,   0   ,  90   ,  90   ,  90   ,  30   ,  90   ,  30   ,  90   ,  30   ,  90   ,  90   ,  30   ,  70   ,  90   ,  90   ,  70   ,  90   ,  90   ,  90   ,  90   ,  70   ,  90   ,  90   ,  90   ,  90   ,  90   ,  90   ,  90   ,  90   ,  90   ,  90   ]

DJI_0343_R   [105   , 105   ,  80   ,  10   , 105   ,  70   , 105   ,  80   ,  10   ,  70   ,  10   ,  10   ,  37   ,  10   ,  37   ,  37   , 105   ,  37   ,  37   ,  37   ,  37   ,  37   ,  70   ]

