DJI_0319_R   24.18    1.59   [ 0.27,  1.03,  0.66,  0.98,  0.71,  0.98,  1.26,  0.57,  1.09,  0.89,  0.38,  0.94,  0.76,  1.01,  1.28,  1.27,  1.14,  0.93,  0.33,  0.47,  1.39,  1.1 ,  1.12,  1.23,  0.93,  0.26,  0.63,  0.57]

DJI_0321_R    0       0      [ 0   ,  0   ,  0   ,  0   ,  0   ,  0   ,  0   ,  0   ,  0   ,  0   ,  0   ,  0   ,  0   ,  0   ,  0   ,  0   ,  0   ,  0   ,  0   ,  0   ,  0   ,  0   ,  0   ]

DJI_0323_R    0       0      []

DJI_0325_R    0       0      []

DJI_0327_R    0       0      []

DJI_0329_R    1.63    0.11   [ 0.88,  0.74]

DJI_0331_R    4.49    0.3    [ 0.88,  0.93,  0.88,  0.95,  0.84,  0   ,  0   ,  0   ,  0   ,  0   ,  0   ,  0   ,  0   ]

DJI_0333_R    0       0      [ 0   ,  0   ,  0   ,  0   ,  0   ,  0   ,  0   ]

DJI_0335_R   23.91    1.57   [ 0.88,  0.88,  1.3 ,  0.88,  0.51,  0.88,  0.88,  1.07,  0.88,  1.12,  0.88,  0.93,  0.88,  0.93,  0.88,  0.88,  0.88,  1.4 ,  0.88,  0.37,  0.88,  0.88,  0.88,  0.98,  1.35,  0.7 ]

DJI_0337_R   16.89    1.11   [ 0.47,  0.88,  0.88,  0.88,  0.88,  0.88,  1.4 ,  0.88,  0.88,  0.88,  0.88,  0.88,  0.88,  0.7 ,  0.74,  0.88,  0.88,  0.88,  0.47,  0.74,  0   ,  0   ,  0   ,  0   ,  0   ,  0   ,  0   ,  0   ,  0   ,  0   ,  0   ,  0   ,  0   ,  0   ,  0   ,  0   ,  0   ,  0   ,  0   ,  0   ,  0   ,  0   ,  0   ,  0   ,  0   ,  0   ,  0   ]

DJI_0339_R   13.24    0.87   [ 0.61,  0.89,  0.89,  0.89,  0.89,  0.89,  1.17,  0.89,  0.75,  0.84,  0.89,  0.89,  0.89,  0.89,  0.33,  0.7 ,  0   ,  0   ,  0   ,  0   ,  0   ,  0   ,  0   ,  0   ,  0   ,  0   ,  0   ,  0   ,  0   ,  0   ,  0   ,  0   ,  0   ,  0   ,  0   ,  0   ,  0   ,  0   ,  0   ,  0   ,  0   ]

DJI_0341_R   13.71    0.9    [ 1.21,  0.68,  0.61,  0.42,  0.19,  0.71,  0.7 ,  0.91,  0.91,  0.82,  1.23,  1.12,  0.7 ,  1.03,  0.93,  0.93,  0.48,  0.14,  0   ,  0   ,  0   ,  0   ,  0   ,  0   ,  0   ,  0   ,  0   ,  0   ,  0   ,  0   ,  0   ,  0   ,  0   ,  0   ,  0   ,  0   ,  0   ,  0   ,  0   ,  0   ,  0   ,  0   ,  0   ]

DJI_0343_R    2.72    0.18   [ 0.96,  0.6 ,  0.47,  0.34,  0.35,  0   ,  0   ,  0   ,  0   ,  0   ,  0   ,  0   ,  0   ,  0   ,  0   ,  0   ,  0   ,  0   ,  0   ,  0   ,  0   ,  0   ,  0   ]


totalSquare: 100.75556660302412.
